              precision    recall  f1-score   support

           0       0.79      0.81      0.80       291
           1       0.34      0.36      0.35       322
           2       0.36      0.39      0.38       239
           3       0.91      0.87      0.89       334
           4       0.86      0.90      0.88       326
           5       0.61      0.63      0.62       262
           6       0.27      0.27      0.27       419
           7       0.91      0.94      0.93       331
           8       0.54      0.56      0.55       356
           9       0.41      0.42      0.41       419
          10       0.30      0.25      0.27       509

    accuracy                           0.56      3808
   macro avg       0.57      0.58      0.58      3808
weighted avg       0.55      0.56      0.55      3808
