              precision    recall  f1-score   support

           0       0.67      0.74      0.70       291
           1       0.26      0.28      0.27       322
           2       0.36      0.35      0.35       239
           3       0.83      0.79      0.81       334
           4       0.83      0.87      0.85       326
           5       0.57      0.54      0.55       262
           6       0.29      0.29      0.29       419
           7       0.90      0.88      0.89       331
           8       0.55      0.60      0.57       356
           9       0.43      0.42      0.42       419
          10       0.29      0.26      0.27       509

    accuracy                           0.53      3808
   macro avg       0.54      0.55      0.54      3808
weighted avg       0.53      0.53      0.53      3808
