              precision    recall  f1-score   support

           0       0.62      0.74      0.68       291
           1       0.22      0.24      0.23       322
           2       0.29      0.30      0.30       239
           3       0.82      0.75      0.79       334
           4       0.84      0.83      0.83       326
           5       0.63      0.60      0.61       262
           6       0.28      0.29      0.29       419
           7       0.86      0.88      0.87       331
           8       0.56      0.55      0.55       356
           9       0.39      0.37      0.38       419
          10       0.30      0.28      0.29       509

    accuracy                           0.51      3808
   macro avg       0.53      0.53      0.53      3808
weighted avg       0.51      0.51      0.51      3808
