              precision    recall  f1-score   support

           0       0.79      0.80      0.80       291
           1       0.33      0.36      0.35       322
           2       0.46      0.36      0.41       239
           3       0.89      0.89      0.89       334
           4       0.82      0.94      0.87       326
           5       0.67      0.63      0.65       262
           6       0.32      0.26      0.28       419
           7       0.90      0.95      0.92       331
           8       0.54      0.63      0.58       356
           9       0.42      0.46      0.44       419
          10       0.34      0.30      0.32       509

    accuracy                           0.58      3808
   macro avg       0.59      0.60      0.59      3808
weighted avg       0.57      0.58      0.57      3808
