              precision    recall  f1-score   support

           0       0.73      0.76      0.75       291
           1       0.32      0.31      0.32       322
           2       0.43      0.37      0.40       239
           3       0.85      0.81      0.83       334
           4       0.78      0.91      0.84       326
           5       0.66      0.66      0.66       262
           6       0.32      0.25      0.28       419
           7       0.88      0.91      0.89       331
           8       0.56      0.66      0.61       356
           9       0.42      0.46      0.44       419
          10       0.36      0.33      0.34       509

    accuracy                           0.57      3808
   macro avg       0.57      0.59      0.58      3808
weighted avg       0.55      0.57      0.56      3808
