              precision    recall  f1-score   support

           0       0.76      0.80      0.78       291
           1       0.35      0.38      0.37       322
           2       0.41      0.33      0.36       239
           3       0.89      0.84      0.87       334
           4       0.82      0.92      0.86       326
           5       0.65      0.66      0.66       262
           6       0.34      0.24      0.28       419
           7       0.89      0.95      0.92       331
           8       0.57      0.69      0.62       356
           9       0.43      0.50      0.46       419
          10       0.36      0.32      0.34       509

    accuracy                           0.58      3808
   macro avg       0.59      0.60      0.59      3808
weighted avg       0.57      0.58      0.57      3808
