              precision    recall  f1-score   support

           0       0.57      0.66      0.62       291
           1       0.28      0.14      0.19       322
           2       0.33      0.62      0.43       239
           3       0.77      0.71      0.74       334
           4       0.72      0.84      0.78       326
           5       0.59      0.67      0.63       262
           6       0.36      0.17      0.23       419
           7       0.86      0.90      0.88       331
           8       0.52      0.72      0.60       356
           9       0.36      0.36      0.36       419
          10       0.37      0.31      0.33       509

    accuracy                           0.53      3808
   macro avg       0.52      0.55      0.52      3808
weighted avg       0.51      0.53      0.51      3808
