              precision    recall  f1-score   support

           0       0.58      0.68      0.63       291
           1       0.32      0.19      0.24       322
           2       0.44      0.44      0.44       239
           3       0.81      0.70      0.75       334
           4       0.73      0.81      0.76       326
           5       0.61      0.71      0.65       262
           6       0.40      0.24      0.30       419
           7       0.87      0.92      0.90       331
           8       0.53      0.71      0.61       356
           9       0.37      0.42      0.39       419
          10       0.34      0.35      0.35       509

    accuracy                           0.54      3808
   macro avg       0.55      0.56      0.55      3808
weighted avg       0.53      0.54      0.53      3808
