              precision    recall  f1-score   support

           0       0.55      0.64      0.59       291
           1       0.31      0.20      0.25       322
           2       0.40      0.40      0.40       239
           3       0.76      0.67      0.72       334
           4       0.72      0.79      0.75       326
           5       0.61      0.71      0.66       262
           6       0.36      0.26      0.30       419
           7       0.87      0.91      0.89       331
           8       0.54      0.66      0.60       356
           9       0.37      0.42      0.39       419
          10       0.34      0.35      0.35       509

    accuracy                           0.53      3808
   macro avg       0.53      0.55      0.53      3808
weighted avg       0.52      0.53      0.52      3808
