              precision    recall  f1-score   support

           0       0.60      0.69      0.64       291
           1       0.32      0.20      0.25       322
           2       0.46      0.47      0.46       239
           3       0.84      0.73      0.78       334
           4       0.77      0.82      0.79       326
           5       0.64      0.71      0.67       262
           6       0.41      0.26      0.32       419
           7       0.87      0.92      0.90       331
           8       0.53      0.72      0.61       356
           9       0.40      0.49      0.44       419
          10       0.36      0.35      0.36       509

    accuracy                           0.56      3808
   macro avg       0.56      0.58      0.57      3808
weighted avg       0.55      0.56      0.55      3808
