              precision    recall  f1-score   support

           0       0.78      0.82      0.80       291
           1       0.34      0.28      0.31       322
           2       0.49      0.46      0.47       239
           3       0.91      0.89      0.90       334
           4       0.85      0.90      0.88       326
           5       0.67      0.66      0.66       262
           6       0.37      0.32      0.35       419
           7       0.93      0.94      0.94       331
           8       0.62      0.67      0.64       356
           9       0.47      0.54      0.50       419
          10       0.38      0.39      0.39       509

    accuracy                           0.61      3808
   macro avg       0.62      0.62      0.62      3808
weighted avg       0.60      0.61      0.60      3808
