              precision    recall  f1-score   support

           0       0.69      0.79      0.74       291
           1       0.38      0.26      0.31       322
           2       0.50      0.48      0.49       239
           3       0.87      0.81      0.84       334
           4       0.81      0.86      0.84       326
           5       0.64      0.66      0.65       262
           6       0.39      0.29      0.33       419
           7       0.91      0.92      0.91       331
           8       0.59      0.68      0.63       356
           9       0.48      0.55      0.51       419
          10       0.38      0.42      0.40       509

    accuracy                           0.59      3808
   macro avg       0.60      0.61      0.60      3808
weighted avg       0.59      0.59      0.59      3808
