              precision    recall  f1-score   support

           0       0.75      0.80      0.77       291
           1       0.29      0.28      0.29       322
           2       0.32      0.35      0.34       239
           3       0.86      0.84      0.85       334
           4       0.84      0.90      0.87       326
           5       0.59      0.58      0.58       262
           6       0.24      0.25      0.24       419
           7       0.93      0.90      0.92       331
           8       0.56      0.53      0.54       356
           9       0.39      0.40      0.39       419
          10       0.33      0.30      0.31       509

    accuracy                           0.54      3808
   macro avg       0.55      0.56      0.56      3808
weighted avg       0.54      0.54      0.54      3808
