              precision    recall  f1-score   support

           0       0.82      0.81      0.81       291
           1       0.33      0.37      0.35       322
           2       0.36      0.38      0.37       239
           3       0.91      0.91      0.91       334
           4       0.89      0.93      0.91       326
           5       0.62      0.59      0.60       262
           6       0.30      0.28      0.29       419
           7       0.93      0.95      0.94       331
           8       0.56      0.56      0.56       356
           9       0.44      0.47      0.46       419
          10       0.31      0.28      0.29       509

    accuracy                           0.57      3808
   macro avg       0.59      0.59      0.59      3808
weighted avg       0.57      0.57      0.57      3808
