              precision    recall  f1-score   support

           0       0.79      0.80      0.79       291
           1       0.33      0.33      0.33       322
           2       0.37      0.37      0.37       239
           3       0.90      0.89      0.89       334
           4       0.87      0.91      0.89       326
           5       0.56      0.63      0.59       262
           6       0.29      0.26      0.27       419
           7       0.92      0.94      0.93       331
           8       0.56      0.61      0.58       356
           9       0.42      0.42      0.42       419
          10       0.34      0.31      0.32       509

    accuracy                           0.57      3808
   macro avg       0.58      0.59      0.58      3808
weighted avg       0.56      0.57      0.56      3808
