              precision    recall  f1-score   support

           0       0.66      0.78      0.71       291
           1       0.24      0.29      0.26       322
           2       0.33      0.35      0.34       239
           3       0.82      0.78      0.80       334
           4       0.85      0.83      0.84       326
           5       0.57      0.53      0.55       262
           6       0.30      0.29      0.29       419
           7       0.91      0.88      0.90       331
           8       0.58      0.62      0.60       356
           9       0.41      0.43      0.42       419
          10       0.31      0.25      0.27       509

    accuracy                           0.53      3808
   macro avg       0.54      0.55      0.54      3808
weighted avg       0.53      0.53      0.53      3808
