              precision    recall  f1-score   support

           0       0.74      0.78      0.76       291
           1       0.38      0.29      0.33       322
           2       0.41      0.41      0.41       239
           3       0.89      0.86      0.88       334
           4       0.84      0.92      0.88       326
           5       0.66      0.67      0.67       262
           6       0.38      0.33      0.35       419
           7       0.91      0.92      0.91       331
           8       0.59      0.67      0.63       356
           9       0.48      0.53      0.51       419
          10       0.35      0.36      0.36       509

    accuracy                           0.60      3808
   macro avg       0.60      0.61      0.61      3808
weighted avg       0.59      0.60      0.59      3808
