              precision    recall  f1-score   support

           0       0.83      0.84      0.84       291
           1       0.44      0.33      0.38       322
           2       0.48      0.48      0.48       239
           3       0.92      0.92      0.92       334
           4       0.86      0.92      0.89       326
           5       0.68      0.68      0.68       262
           6       0.38      0.35      0.37       419
           7       0.95      0.95      0.95       331
           8       0.64      0.72      0.68       356
           9       0.49      0.57      0.53       419
          10       0.40      0.38      0.39       509

    accuracy                           0.63      3808
   macro avg       0.64      0.65      0.65      3808
weighted avg       0.62      0.63      0.63      3808
