              precision    recall  f1-score   support

           0       0.77      0.79      0.78       291
           1       0.38      0.28      0.32       322
           2       0.44      0.45      0.44       239
           3       0.90      0.89      0.89       334
           4       0.85      0.90      0.88       326
           5       0.68      0.67      0.67       262
           6       0.36      0.32      0.34       419
           7       0.93      0.95      0.94       331
           8       0.63      0.72      0.67       356
           9       0.47      0.55      0.51       419
          10       0.40      0.38      0.39       509

    accuracy                           0.61      3808
   macro avg       0.62      0.63      0.62      3808
weighted avg       0.60      0.61      0.60      3808
