              precision    recall  f1-score   support

           0       0.63      0.68      0.65       291
           1       0.28      0.16      0.20       322
           2       0.35      0.62      0.45       239
           3       0.83      0.78      0.80       334
           4       0.75      0.87      0.81       326
           5       0.61      0.68      0.64       262
           6       0.39      0.21      0.28       419
           7       0.86      0.92      0.89       331
           8       0.51      0.74      0.60       356
           9       0.40      0.39      0.39       419
          10       0.39      0.30      0.34       509

    accuracy                           0.55      3808
   macro avg       0.55      0.58      0.55      3808
weighted avg       0.53      0.55      0.53      3808
