              precision    recall  f1-score   support

           0       0.61      0.68      0.65       291
           1       0.28      0.11      0.16       322
           2       0.34      0.63      0.44       239
           3       0.83      0.76      0.79       334
           4       0.72      0.84      0.77       326
           5       0.61      0.68      0.64       262
           6       0.31      0.16      0.21       419
           7       0.85      0.91      0.88       331
           8       0.50      0.74      0.60       356
           9       0.39      0.38      0.38       419
          10       0.36      0.30      0.32       509

    accuracy                           0.53      3808
   macro avg       0.53      0.56      0.53      3808
weighted avg       0.51      0.53      0.51      3808
