              precision    recall  f1-score   support

           0       0.66      0.78      0.72       291
           1       0.34      0.26      0.29       322
           2       0.45      0.46      0.46       239
           3       0.84      0.78      0.81       334
           4       0.79      0.86      0.82       326
           5       0.65      0.68      0.66       262
           6       0.36      0.26      0.30       419
           7       0.91      0.90      0.90       331
           8       0.61      0.66      0.63       356
           9       0.46      0.53      0.49       419
          10       0.38      0.41      0.39       509

    accuracy                           0.58      3808
   macro avg       0.59      0.60      0.59      3808
weighted avg       0.57      0.58      0.57      3808
